# Versão 1: 2021-12-12

# update versão 2:
m <- 2